Z03451500                       USGS 
H03451500       3536320823441003737021SW06010105945            1949.93          
N03451500       FRENCH BROAD RIVER AT ASHEVILLE, NC
Y03451500       
303451500       17960801                                            14.00
303451500       18100101                                            13.00
303451500       18450501                                            14.00
303451500       18500801                                            13.00
303451500       18520801                                            15.00
303451500       18750201                                             9.00
303451500       18760617                                            18.00
303451500       18791017                                             9.00
303451500       18920601                                            10.00
303451500       18930913                                             9.00
303451500       18960708  21600               10.30                      
303451500       18970206  12500                7.90                      
303451500       18980804  13900                8.70                      
303451500       18990315  26600               12.00                      
303451500       19000213  14900                9.00                      
303451500       19010522  29300               12.60                      
303451500       19020228  33900               11.60                      
303451500       19030323  19000                7.00  36                  
303451500       19040307  13800                5.60   3                  
303451500       19050712  23000                8.00   3                  
303451500       19060123  25800                8.40   3                  
303451500       19061003  15800                6.20   3                  
303451500       19080215  16600                6.30   3                  
303451500       19090604  19200                7.10   3                  
303451500       19100831  30300               10.30   3                  
303451500       19110405  14900                5.80   3                  
303451500       19120315  15900                6.10   3                  
303451500       19130314  21200                7.70   3                  
303451500       19140415  10800                4.50   3                  
303451500       19141016  19900                7.30   3                  
303451500       19160716 110000               23.10   61791              
303451500       19170324  13800                5.50  36                  
303451500       19180128  12200                5.00   3                  
303451500       19181223  25600                9.00   3                  
303451500       19200402  19000                7.10   3                  
303451500       19201214  12000                5.00   3                  
303451500       19220328   9920                4.20   3                  
303451500       19230530  13300                6.50                      
303451500       19240116   9600                5.35                      
303451500       19241209   9210                5.30                      
303451500       19260118  10300                5.65                      
303451500       19261116   9770                5.40                      
303451500       19280816  42700               13.27                      
303451500       19290314  15100                7.12                      
303451500       19291002  15100                7.06                      
303451500       19310422   7010                4.31                      
303451500       19320102   6780                4.24                      
303451500       19321018  15800                7.33                      
303451500       19340304  11500                5.97                      
303451500       19350109  16900                7.65                      
303451500       19360119  16500                7.50                      
303451500       19361016  19200                8.20                      
303451500       19371020  12700                6.37                      
303451500       19390818  11700                6.07                      
303451500       19400830  34800               12.15                      
303451500       19401229   7140                4.35                      
303451500       19420521  20900                8.93                      
303451500       19421230  18000                8.10                      
303451500       19440329   9110                5.25                      
303451500       19450917   7490                4.94                      
303451500       19460210  16000                7.63                      
303451500       19470120  13600                7.07                      
303451500       19480212   9540                5.60                      
303451500       19490617  20100                9.00                      
303451500       19500909  13000                6.93                      
303451500       19501207  16400                8.03                      
303451500       19520323  15600                7.79                      
303451500       19530221  14700                7.49                      
303451500       19540123  16500                8.07                      
303451500       19550206   8220                5.14                      
303451500       19560416  10400                6.00                      
303451500       19570405  24200               10.30                      
303451500       19580428   9050                5.69                      
303451500       19590930  12300                6.98                      
303451500       19600205  10300                6.22                      
303451500       19610825  19000                9.01                      
303451500       19611212  14200                7.60                      
303451500       19630313  17600                8.62                      
303451500       19640407  12300                6.97                      
303451500       19641005  36200               12.75                      
303451500       19660214  19500                9.14                      
303451500       19670606  17600                8.63                      
303451500       19680313  15400                7.95                      
303451500       19681019  10100                6.05                      
303451500       19691231   6670                4.56                      
303451500       19701030   7090                5.12                      
303451500       19720621  19200                9.05                      
303451500       19730528  30300               11.63                      
303451500       19740404  14200                7.55                      
303451500       19750314  21000                9.53                      
303451500       19760529  21100                9.56                      
303451500       19770405  19100                9.04                      
303451500       19771106  34000               12.33                      
303451500       19790306  23300               10.07                      
303451500       19791126  18100                8.74                      
303451500       19810211   6570                4.55                      
303451500       19820203  15200                7.84                      
303451500       19830202  17200                8.48                      
303451500       19840214  14500                7.63                      
303451500       19850817   7670                5.03                      
303451500       19851101   6790                4.65                      
303451500       19870301  14200                7.53                      
303451500       19880120   7340                4.89                      
303451500       19890624   8970                5.59                      
303451500       19900317  18200                8.75                      
303451500       19910329  17200                8.47                      
303451500       19920508  11000                6.39                      
303451500       19930327  13200                7.21                      
303451500       19940817  21100                9.53                      
303451500       19950115  27900               11.12                      
303451500       19951005  21000                9.50                      
303451500       19961201  10600                6.26                      
303451500       19980108  24600               10.37                      
303451500       19990124   5550                4.09                      
303451500       20000320  10200                6.08                      
303451500       20010330   5600                4.11                      
303451500       20020928   5600                4.11                      
303451500       20030506  14700                7.70                      
303451500       20040908  431009              14.55                      
303451500       20050707  12200                6.57                      
303451500       20051129   7300                4.89                      
303451500       20070101   9660                5.81                      
303451500       20080827   8140                5.23                      
303451500       20090922  16600                8.11                      
303451500       20091225  16800                8.19                      
303451500       20101201  13100                7.00                      
303451500       20111129   9760                5.85                      
303451500       20130506  23200                9.98                      
303451500       20131223  12200                6.70                      
303451500       20141015   9680                5.82                      
303451500       20151229  20100                9.14                      
303451500       20170424   9490                5.75                      
303451500       20180530  20900                9.79                      
303451500       20190419  26100               11.32                      
303451500       20200206  16800                8.48                      
303451500       20210818  26000               11.30                      
303451500       20211007  14500                7.69                      
303451500       20221111   6840                4.70                      
303451500       20240927 1130009              24.82                      
303451500       20250213  10400                6.25                      
