Z03451000                       USGS 
H03451000       3534060823241003737021SW06010105130            1976.37          
N03451000       SWANNANOA RIVER AT BILTMORE, NC
Y03451000       
303451000       179104    4000027Bd           26.00  Bd                  
303451000       179608    1060027Bd           15.00  Bd                  
303451000       1810      1060027Bm           15.00  Bm                  
303451000       184505    1640027Bd           18.00  Bd                  
303451000       185008     730027Bd           13.00  Bd                  
303451000       185208    1060027Bd           15.00  Bd                  
303451000       187502    1440027Bd           17.00  Bd                  
303451000       18760617  1060027             15.00                      
303451000       18990319   880027             14.00                      
303451000       19010521  1240027             16.00                      
303451000       19011230  1060027             15.00                      
303451000       19160716  2300027             20.70                      
303451000       19201214   2220                5.05                      
303451000       19220121   1500                4.00                      
303451000       19230529   4690                8.20                      
303451000       19240116   3090                6.20                      
303451000       19241208   2930                6.00                      
303451000       19260118   3010                6.10                      
303451000       19280816  178007              18.74                      
303451000       19350109   3260                7.07                      
303451000       19360119   3340                7.02                      
303451000       19361016   4380                8.65                      
303451000       19371019   1780                4.95                      
303451000       19390130   2460                5.97                      
303451000       19400813  18400               19.00                      
303451000       19401228   1500                4.93                      
303451000       19420309   1910                5.64                      
303451000       19421229   2840                7.00                      
303451000       19440930   2150                5.95                      
303451000       19450917   1340                4.59                      
303451000       19460210   2810                7.12                      
303451000       19470120   2650                6.84                      
303451000       19471017   3180                7.70                      
303451000       19490616   9930               14.65                      
303451000       19500909   3820                8.50                      
303451000       19501207   2850                7.00                      
303451000       19520323   3270                7.65                      
303451000       19530221   3560                8.10                      
303451000       19540122   3270                7.64                      
303451000       19550322    805                3.60                      
303451000       19560416   1320                4.56                      
303451000       19570405   5340               10.80                      
303451000       19580428   1770                5.20                      
303451000       19590930   3760                8.40                      
303451000       19600330   1880                5.39                      
303451000       19610824   2900                7.57                      
303451000       19611212   2190                6.39                      
303451000       19630313   5260               11.23                      
303451000       19640407   2700                7.23                      
303451000       19641004   5210               11.16                      
303451000       19660213   3230                8.30                      
303451000       19670605   3280                8.38                      
303451000       19680312   3340                8.49                      
303451000       19681019   1830                5.12                      
303451000       19691231    958                3.76                      
303451000       19710619   2160                5.98                      
303451000       19720621   5720               12.10                      
303451000       19730528   6770               13.30                      
303451000       19740404   2620                6.94                      
303451000       19750314   4780               10.75                      
303451000       19760529   7680               14.19                      
303451000       19770404   4680               10.61                      
303451000       19771106   9650               15.12                      
303451000       19790305   3280                8.14                      
303451000       19791102   4560               10.44                      
303451000       19810527   1980                5.84                      
303451000       19820203   3220                8.07                      
303451000       19830318   2890                7.46                      
303451000       19840214   3090                7.83                      
303451000       19850212   1470                4.84                      
303451000       19851101   1480                4.86                      
303451000       19870301   2780                7.25                      
303451000       19880412   1070                4.11                      
303451000       19890505   2060                5.96                      
303451000       19900317   4390               10.15                      
303451000       19910329   4260                9.93                      
303451000       19920421   2060                5.96                      
303451000       19930327   2610                6.93                      
303451000       19940817   5850               13.28                      
303451000       19950115  11700               15.79                      
303451000       19951005   6070               12.56                      
303451000       19961201   1860                5.59                      
303451000       19980107   5720               12.17                      
303451000       19990703    882                3.74                      
303451000       20000320   1520                5.41                      
303451000       20010329    726                3.68                      
303451000       20020605    539                3.19                      
303451000       20030506   2460                7.16                      
303451000       20040908  129009              19.22                      
303451000       20050822   1950                6.25                      
303451000       20060626   1610                5.59                      
303451000       20070101   1470                5.32                      
303451000       20080827   1460                5.29                      
303451000       20090920   1600                5.58                      
303451000       20100124   2730                7.60                      
303451000       20101201   1760                5.89                      
303451000       20120918   2020                6.06                      
303451000       20130506   4810               10.32                      
303451000       20140429   1730                5.54                      
303451000       20141015   2230                6.43                      
303451000       20151229   6660               12.70                      
303451000       20170912   2200                6.38                      
303451000       20180530   8030               14.34                      
303451000       20190419   8040               14.35                      
303451000       20200206   3930                9.09                      
303451000       20210818   8420               14.79                      
303451000       20211007   2940                7.59                      
303451000       20230528   1890                5.84                      
303451000       20240927  6080029             27.33                      
303451000       20250213   2590                7.04                      
